Acc (reported by cat. cross entropy): 0.6060

   actual:    1     1     1     1     1     1     1     1     1     0     0     0     0  
predicted:    1     1     1     1     1     1     1     0     0     0     0     0     0  
predicted: 0.65  0.65  0.65  0.65  0.64  0.62  0.56  0.48  0.39  0.25  0.14  0.07  0.01  

   actual:    1     1     1     1     1     1     1     1     1     1     1     0     0  
predicted:    1     1     1     1     1     1     1     0     0     0     0     0     0  
predicted: 0.54  0.54  0.55  0.54  0.55  0.54  0.52  0.46  0.42  0.36  0.27  0.15  0.06  

   actual:    1     1     1     1     1     1     1     1     1     1     1     1     0  
predicted:    1     1     1     1     1     1     1     0     0     0     0     0     0  
predicted: 0.55  0.55  0.55  0.55  0.55  0.54  0.52  0.47  0.42  0.36  0.26  0.15  0.05  

   actual:    1     1     1     1     1     1     1     1     1     1     1     0     0  
predicted:    1     1     1     1     1     1     1     0     0     0     0     0     0  
predicted: 0.54  0.54  0.54  0.54  0.54  0.53  0.52  0.47  0.42  0.36  0.27  0.15  0.05  

   actual:    1     1     1     1     1     1     1     1     0     0     0     0     0  
predicted:    1     1     1     1     1     1     1     0     0     0     0     0     0  
predicted: 0.59  0.59  0.59  0.59  0.59  0.57  0.54  0.48  0.41  0.30  0.20  0.10  0.03  

   actual:    1     1     1     1     1     1     1     1     1     1     1     0     0  
predicted:    1     1     1     1     1     1     1     0     0     0     0     0     0  
predicted: 0.54  0.54  0.54  0.53  0.53  0.53  0.52  0.47  0.42  0.36  0.28  0.15  0.06  

   actual:    1     1     1     1     1     1     1     1     1     1     1     0     0  
predicted:    1     1     1     1     1     1     1     0     0     0     0     0     0  
predicted: 0.58  0.58  0.58  0.58  0.57  0.56  0.53  0.47  0.41  0.32  0.22  0.11  0.03  

   actual:    1     1     1     1     1     1     1     1     1     1     0     0     0  
predicted:    1     1     1     1     1     1     1     0     0     0     0     0     0  
predicted: 0.58  0.58  0.58  0.58  0.57  0.57  0.54  0.47  0.41  0.32  0.21  0.11  0.03  

   actual:    1     1     1     1     1     1     1     1     1     1     0     0     0  
predicted:    1     1     1     1     1     1     1     0     0     0     0     0     0  
predicted: 0.54  0.54  0.54  0.54  0.54  0.53  0.52  0.47  0.42  0.36  0.27  0.15  0.05  

   actual:    1     1     1     1     1     1     1     1     1     1     1     0     0  
predicted:    1     1     1     1     1     1     1     0     0     0     0     0     0  
predicted: 0.55  0.55  0.55  0.54  0.54  0.54  0.52  0.47  0.42  0.35  0.26  0.14  0.05  

   actual:    1     1     1     1     1     1     1     1     1     1     1     1     0  
predicted:    1     1     1     1     1     1     1     0     0     0     0     0     0  
predicted: 0.60  0.60  0.60  0.59  0.59  0.58  0.54  0.47  0.41  0.30  0.20  0.10  0.03  

   actual:    1     1     1     1     1     1     1     1     1     1     1     1     0  
predicted:    1     1     1     1     1     1     1     0     0     0     0     0     0  
predicted: 0.55  0.55  0.55  0.55  0.55  0.54  0.52  0.47  0.42  0.36  0.26  0.15  0.05  

   actual:    1     1     1     1     1     1     0     0     0     0     0     0     0  
predicted:    1     1     1     1     1     1     1     0     0     0     0     0     0  
predicted: 0.66  0.66  0.65  0.65  0.64  0.62  0.56  0.48  0.39  0.24  0.13  0.06  0.01  

   actual:    1     1     1     1     1     1     1     1     1     1     0     0     0  
predicted:    1     1     1     1     1     1     1     0     0     0     0     0     0  
predicted: 0.58  0.58  0.58  0.58  0.57  0.56  0.53  0.47  0.41  0.32  0.22  0.11  0.03  

   actual:    1     1     1     1     1     1     1     1     0     0     0     0     0  
predicted:    1     1     1     1     1     1     1     0     0     0     0     0     0  
predicted: 0.64  0.64  0.64  0.63  0.63  0.61  0.56  0.48  0.40  0.26  0.15  0.07  0.01  

   actual:    1     1     1     1     1     1     1     1     1     1     1     0     0  
predicted:    1     1     1     1     1     1     1     0     0     0     0     0     0  
predicted: 0.59  0.59  0.59  0.59  0.59  0.57  0.53  0.47  0.41  0.31  0.21  0.11  0.03  

   actual:    1     1     1     1     1     1     1     1     1     1     1     1     0  
predicted:    1     1     1     1     1     1     1     0     0     0     0     0     0  
predicted: 0.59  0.59  0.59  0.58  0.58  0.57  0.54  0.48  0.41  0.31  0.20  0.10  0.03  

   actual:    1     1     1     1     1     1     1     1     1     1     0     0     0  
predicted:    1     1     1     1     1     1     1     0     0     0     0     0     0  
predicted: 0.63  0.63  0.63  0.63  0.62  0.60  0.56  0.48  0.40  0.26  0.15  0.08  0.02  

   actual:    1     1     1     1     1     1     1     0     0     0     0     0     0  
predicted:    1     1     1     1     1     1     1     0     0     0     0     0     0  
predicted: 0.67  0.67  0.68  0.67  0.66  0.64  0.57  0.48  0.39  0.22  0.11  0.05  0.01  

   actual:    1     1     1     1     1     1     1     1     1     1     1     1     1  
predicted:    1     1     1     1     1     1     1     0     0     0     0     0     0  
predicted: 0.60  0.60  0.59  0.59  0.59  0.58  0.54  0.48  0.41  0.30  0.19  0.10  0.03  

Acc (% indices matched): 0.7423
