Acc (reported by cat. cross entropy): 0.4861

   actual:    1     1     1     1     1     1     1     1     1     0     0     0     0  
predicted:    1     1     1     1     1     1     1     1     1     0     0     0     0  
predicted: 0.79  0.80  0.79  0.79  0.79  0.77  0.72  0.65  0.56  0.43  0.29  0.15  0.04  

   actual:    1     1     1     1     1     1     1     1     1     1     1     0     0  
predicted:    1     1     1     1     1     1     1     1     1     0     0     0     0  
predicted: 0.80  0.80  0.80  0.79  0.79  0.77  0.72  0.65  0.56  0.43  0.28  0.15  0.04  

   actual:    1     1     1     1     1     1     1     1     1     1     1     1     0  
predicted:    1     1     1     1     1     1     1     1     1     0     0     0     0  
predicted: 0.80  0.80  0.79  0.79  0.79  0.77  0.72  0.65  0.56  0.43  0.29  0.15  0.04  

   actual:    1     1     1     1     1     1     0     0     0     0     0     0     0  
predicted:    1     1     1     1     1     1     1     1     1     0     0     0     0  
predicted: 0.80  0.80  0.79  0.79  0.79  0.77  0.72  0.65  0.56  0.43  0.28  0.15  0.04  

   actual:    1     1     1     1     1     1     1     1     1     0     0     0     0  
predicted:    1     1     1     1     1     1     1     1     1     0     0     0     0  
predicted: 0.80  0.80  0.79  0.79  0.79  0.77  0.72  0.65  0.56  0.43  0.28  0.15  0.04  

   actual:    1     1     1     1     1     0     0     0     0     0     0     0     0  
predicted:    1     1     1     1     1     1     1     1     1     0     0     0     0  
predicted: 0.80  0.80  0.80  0.79  0.79  0.77  0.72  0.65  0.56  0.43  0.28  0.15  0.04  

   actual:    1     1     1     1     1     1     1     1     0     0     0     0     0  
predicted:    1     1     1     1     1     1     1     1     1     0     0     0     0  
predicted: 0.80  0.80  0.80  0.79  0.79  0.77  0.72  0.65  0.56  0.43  0.28  0.15  0.04  

   actual:    1     1     1     1     1     1     1     1     1     1     1     1     0  
predicted:    1     1     1     1     1     1     1     1     1     0     0     0     0  
predicted: 0.80  0.80  0.80  0.79  0.79  0.77  0.72  0.65  0.56  0.43  0.28  0.15  0.04  

   actual:    1     1     1     1     1     1     1     1     1     1     1     1     0  
predicted:    1     1     1     1     1     1     1     1     1     0     0     0     0  
predicted: 0.80  0.80  0.79  0.79  0.79  0.77  0.72  0.65  0.56  0.43  0.28  0.15  0.04  

   actual:    1     1     1     1     1     1     1     1     0     0     0     0     0  
predicted:    1     1     1     1     1     1     1     1     1     0     0     0     0  
predicted: 0.80  0.80  0.79  0.79  0.79  0.77  0.72  0.65  0.56  0.43  0.28  0.15  0.04  

   actual:    1     1     1     1     1     1     1     1     1     1     1     1     0  
predicted:    1     1     1     1     1     1     1     1     1     0     0     0     0  
predicted: 0.79  0.80  0.79  0.79  0.78  0.77  0.72  0.65  0.56  0.43  0.29  0.15  0.04  

   actual:    1     1     1     1     1     1     1     1     1     1     0     0     0  
predicted:    1     1     1     1     1     1     1     1     1     0     0     0     0  
predicted: 0.80  0.80  0.80  0.79  0.79  0.77  0.72  0.65  0.56  0.43  0.28  0.15  0.04  

   actual:    1     1     1     1     1     1     1     1     1     1     0     0     0  
predicted:    1     1     1     1     1     1     1     1     1     0     0     0     0  
predicted: 0.80  0.80  0.80  0.79  0.79  0.77  0.72  0.65  0.56  0.43  0.28  0.15  0.04  

   actual:    1     1     1     1     1     1     1     1     1     1     1     1     0  
predicted:    1     1     1     1     1     1     1     1     1     0     0     0     0  
predicted: 0.80  0.80  0.79  0.79  0.79  0.77  0.72  0.65  0.56  0.43  0.29  0.15  0.04  

   actual:    1     1     1     1     1     1     1     1     1     1     1     1     1  
predicted:    1     1     1     1     1     1     1     1     1     0     0     0     0  
predicted: 0.80  0.80  0.79  0.79  0.79  0.77  0.72  0.65  0.56  0.43  0.29  0.15  0.04  

   actual:    1     1     1     1     1     1     1     0     0     0     0     0     0  
predicted:    1     1     1     1     1     1     1     1     1     0     0     0     0  
predicted: 0.79  0.80  0.79  0.79  0.78  0.77  0.72  0.65  0.56  0.43  0.29  0.15  0.04  

   actual:    1     1     1     1     1     1     1     1     1     1     1     0     0  
predicted:    1     1     1     1     1     1     1     1     1     0     0     0     0  
predicted: 0.80  0.80  0.79  0.79  0.79  0.77  0.72  0.65  0.56  0.43  0.29  0.15  0.04  

   actual:    1     1     1     1     1     1     1     1     1     0     0     0     0  
predicted:    1     1     1     1     1     1     1     1     1     0     0     0     0  
predicted: 0.79  0.80  0.79  0.79  0.79  0.77  0.72  0.65  0.56  0.43  0.29  0.15  0.04  

   actual:    1     1     1     1     1     1     1     1     1     1     1     1     0  
predicted:    1     1     1     1     1     1     1     1     1     0     0     0     0  
predicted: 0.80  0.80  0.79  0.79  0.79  0.77  0.72  0.65  0.56  0.43  0.28  0.15  0.04  

   actual:    1     1     1     1     1     1     1     1     1     0     0     0     0  
predicted:    1     1     1     1     1     1     1     1     1     0     0     0     0  
predicted: 0.80  0.80  0.79  0.79  0.79  0.77  0.72  0.65  0.56  0.43  0.28  0.15  0.04  

Acc (% indices matched): 0.8500
