Acc (reported by cat. cross entropy): 1.0000

   actual:     1    1    1    1    1    1    1    1    1    0    0    0    0    0 [3.00, 0]
predicted:     1    1    1    1    1    1    1    1    1    0    0    0    0    0 [3.00, 0]
predicted:  0.82 0.82 0.82 0.82 0.81 0.79 0.74 0.66 0.56 0.41 0.28 0.15 0.04 0.13

   actual:     1    1    1    1    1    1    1    1    1    1    0    0    0    0 [3.25, 0]
predicted:     1    1    1    1    1    1    1    1    1    0    0    0    0    0 [3.00, 0]
predicted:  0.82 0.82 0.82 0.82 0.81 0.79 0.74 0.66 0.56 0.41 0.28 0.15 0.04 0.13

   actual:     1    1    1    1    1    1    1    1    1    1    0    0    0    0 [3.25, 0]
predicted:     1    1    1    1    1    1    1    1    1    0    0    0    0    0 [3.00, 0]
predicted:  0.82 0.82 0.82 0.82 0.81 0.79 0.74 0.66 0.56 0.41 0.28 0.15 0.04 0.13

   actual:     1    1    1    1    1    1    1    1    0    0    0    0    0    0 [2.75, 0]
predicted:     1    1    1    1    1    1    1    1    1    0    0    0    0    0 [3.00, 0]
predicted:  0.82 0.82 0.82 0.82 0.81 0.79 0.74 0.66 0.56 0.41 0.28 0.15 0.04 0.13

   actual:     1    1    1    1    1    1    1    1    1    1    0    0    0    0 [3.25, 0]
predicted:     1    1    1    1    1    1    1    1    1    0    0    0    0    0 [3.00, 0]
predicted:  0.82 0.82 0.82 0.82 0.81 0.79 0.74 0.66 0.56 0.41 0.28 0.15 0.04 0.13

   actual:     1    1    1    1    1    1    1    1    1    0    0    0    0    0 [3.00, 0]
predicted:     1    1    1    1    1    1    1    1    1    0    0    0    0    0 [3.00, 0]
predicted:  0.82 0.82 0.82 0.82 0.81 0.79 0.74 0.66 0.56 0.41 0.28 0.15 0.04 0.13

   actual:     1    1    1    1    1    1    1    1    1    1    1    1    1    0 [4.00, 0]
predicted:     1    1    1    1    1    1    1    1    1    0    0    0    0    0 [3.00, 0]
predicted:  0.82 0.82 0.82 0.82 0.81 0.79 0.74 0.66 0.56 0.41 0.28 0.15 0.04 0.13

   actual:     1    1    1    1    1    1    1    1    0    0    0    0    0    0 [2.75, 0]
predicted:     1    1    1    1    1    1    1    1    1    0    0    0    0    0 [3.00, 0]
predicted:  0.82 0.82 0.82 0.82 0.81 0.79 0.74 0.66 0.56 0.41 0.28 0.15 0.04 0.13

   actual:     1    1    1    1    1    1    1    1    1    1    0    0    0    1 [3.25, 1]
predicted:     1    1    1    1    1    1    1    1    1    0    0    0    0    0 [3.00, 0]
predicted:  0.82 0.82 0.82 0.82 0.81 0.79 0.74 0.66 0.56 0.41 0.28 0.15 0.04 0.13

   actual:     1    1    1    1    1    1    1    1    0    0    0    0    0    0 [2.75, 0]
predicted:     1    1    1    1    1    1    1    1    1    0    0    0    0    0 [3.00, 0]
predicted:  0.82 0.82 0.82 0.82 0.81 0.79 0.74 0.66 0.56 0.41 0.28 0.15 0.04 0.13

   actual:     1    1    1    1    1    1    0    0    0    0    0    0    0    0 [2.25, 0]
predicted:     1    1    1    1    1    1    1    1    1    0    0    0    0    0 [3.00, 0]
predicted:  0.82 0.82 0.82 0.82 0.81 0.79 0.74 0.66 0.56 0.41 0.28 0.15 0.04 0.13

   actual:     1    1    1    1    1    1    1    1    1    1    1    1    0    0 [3.75, 0]
predicted:     1    1    1    1    1    1    1    1    1    0    0    0    0    0 [3.00, 0]
predicted:  0.82 0.82 0.82 0.82 0.81 0.79 0.74 0.66 0.56 0.41 0.28 0.15 0.04 0.13

   actual:     1    1    1    1    1    1    1    1    1    1    1    1    0    0 [3.75, 0]
predicted:     1    1    1    1    1    1    1    1    1    0    0    0    0    0 [3.00, 0]
predicted:  0.82 0.82 0.82 0.82 0.81 0.79 0.74 0.66 0.56 0.41 0.28 0.15 0.04 0.13

   actual:     1    1    1    1    1    1    1    1    1    0    0    0    0    0 [3.00, 0]
predicted:     1    1    1    1    1    1    1    1    1    0    0    0    0    0 [3.00, 0]
predicted:  0.82 0.82 0.82 0.82 0.81 0.79 0.74 0.66 0.56 0.41 0.28 0.15 0.04 0.13

   actual:     1    1    1    1    1    1    1    1    0    0    0    0    0    0 [2.75, 0]
predicted:     1    1    1    1    1    1    1    1    1    0    0    0    0    0 [3.00, 0]
predicted:  0.82 0.82 0.82 0.82 0.81 0.79 0.74 0.66 0.56 0.41 0.28 0.15 0.04 0.13

   actual:     1    1    1    1    1    1    1    1    0    0    0    0    0    0 [2.75, 0]
predicted:     1    1    1    1    1    1    1    1    1    0    0    0    0    0 [3.00, 0]
predicted:  0.82 0.82 0.82 0.82 0.81 0.79 0.74 0.66 0.56 0.41 0.28 0.15 0.04 0.13

   actual:     1    1    1    1    1    1    1    0    0    0    0    0    0    0 [2.50, 0]
predicted:     1    1    1    1    1    1    1    1    1    0    0    0    0    0 [3.00, 0]
predicted:  0.82 0.82 0.82 0.82 0.81 0.79 0.74 0.66 0.56 0.41 0.28 0.15 0.04 0.13

   actual:     1    1    1    1    1    1    1    1    1    1    1    0    0    0 [3.50, 0]
predicted:     1    1    1    1    1    1    1    1    1    0    0    0    0    0 [3.00, 0]
predicted:  0.82 0.82 0.82 0.82 0.81 0.79 0.74 0.66 0.56 0.41 0.28 0.15 0.04 0.13

   actual:     1    1    1    1    1    1    0    0    0    0    0    0    0    0 [2.25, 0]
predicted:     1    1    1    1    1    1    1    1    1    0    0    0    0    0 [3.00, 0]
predicted:  0.82 0.82 0.82 0.82 0.81 0.79 0.74 0.66 0.56 0.41 0.28 0.15 0.04 0.13

   actual:     1    1    1    1    1    1    1    0    0    0    0    0    0    0 [2.50, 0]
predicted:     1    1    1    1    1    1    1    1    1    0    0    0    0    0 [3.00, 0]
predicted:  0.82 0.82 0.82 0.82 0.81 0.79 0.74 0.66 0.56 0.41 0.28 0.15 0.04 0.13

Acc (% indices matched): 0.8857
