Acc (reported by cat. cross entropy): 0.5225

   actual:     1    1    1    1    1    1    1    1    0    0    0    0    0    0 [2.75, 0]
predicted:     1    1    1    1    1    1    0    0    0    0    0    0    0    0 [2.25, 0]
predicted:  0.52 0.52 0.52 0.52 0.51 0.50 0.47 0.42 0.36 0.26 0.17 0.09 0.02 0.08

   actual:     1    1    1    1    1    1    1    0    0    0    0    0    0    0 [2.50, 0]
predicted:     0    0    0    0    0    0    0    0    0    0    0    0    0    0 [-1.00, 0]
predicted:  0.44 0.44 0.44 0.44 0.44 0.44 0.43 0.40 0.38 0.33 0.24 0.14 0.04 0.09

   actual:     1    1    1    1    1    1    1    1    1    1    1    1    1    0 [4.00, 0]
predicted:     0    0    0    0    0    0    0    0    0    0    0    0    0    0 [-1.00, 0]
predicted:  0.49 0.49 0.49 0.49 0.49 0.48 0.46 0.41 0.37 0.28 0.19 0.10 0.02 0.08

   actual:     1    1    1    1    1    1    1    1    0    0    0    0    0    0 [2.75, 0]
predicted:     0    0    0    0    0    0    0    0    0    0    0    0    0    0 [-1.00, 0]
predicted:  0.44 0.44 0.44 0.44 0.44 0.44 0.43 0.40 0.38 0.33 0.24 0.14 0.04 0.09

   actual:     1    1    1    1    1    1    1    0    0    0    0    0    0    1 [2.50, 1]
predicted:     0    0    0    0    0    0    0    0    0    0    0    0    0    0 [-1.00, 0]
predicted:  0.46 0.46 0.46 0.46 0.46 0.46 0.44 0.41 0.37 0.31 0.22 0.12 0.03 0.08

   actual:     1    1    1    1    1    1    1    1    1    1    1    0    0    0 [3.50, 0]
predicted:     1    1    1    1    1    1    0    0    0    0    0    0    0    0 [2.25, 0]
predicted:  0.56 0.56 0.55 0.55 0.55 0.53 0.49 0.42 0.36 0.24 0.14 0.07 0.01 0.08

   actual:     1    1    1    1    1    1    1    1    1    1    0    0    0    0 [3.25, 0]
predicted:     1    1    1    1    1    1    0    0    0    0    0    0    0    0 [2.25, 0]
predicted:  0.52 0.52 0.52 0.52 0.51 0.50 0.47 0.42 0.36 0.27 0.17 0.09 0.02 0.08

   actual:     1    1    1    1    1    1    1    0    0    0    0    0    0    0 [2.50, 0]
predicted:     0    0    0    0    0    0    0    0    0    0    0    0    0    0 [-1.00, 0]
predicted:  0.49 0.49 0.49 0.49 0.49 0.48 0.46 0.41 0.37 0.29 0.19 0.11 0.02 0.08

   actual:     1    1    1    1    1    1    1    1    0    0    0    0    0    0 [2.75, 0]
predicted:     1    1    1    1    1    1    0    0    0    0    0    0    0    0 [2.25, 0]
predicted:  0.52 0.52 0.52 0.52 0.51 0.50 0.47 0.42 0.36 0.27 0.17 0.09 0.02 0.08

   actual:     1    1    1    1    1    1    1    1    1    1    1    0    0    0 [3.50, 0]
predicted:     0    0    0    0    0    0    0    0    0    0    0    0    0    0 [-1.00, 0]
predicted:  0.44 0.44 0.44 0.44 0.44 0.44 0.43 0.40 0.38 0.33 0.24 0.14 0.04 0.09

   actual:     1    1    1    1    1    1    0    0    0    0    0    0    0    0 [2.25, 0]
predicted:     1    1    1    1    1    1    0    0    0    0    0    0    0    0 [2.25, 0]
predicted:  0.52 0.52 0.52 0.52 0.52 0.51 0.47 0.42 0.36 0.26 0.17 0.09 0.02 0.08

   actual:     1    1    1    1    1    1    1    1    1    1    1    1    1    1 [4.00, 1]
predicted:     0    0    0    0    0    0    0    0    0    0    0    0    0    0 [-1.00, 0]
predicted:  0.46 0.46 0.46 0.46 0.46 0.46 0.44 0.41 0.37 0.31 0.22 0.12 0.03 0.09

   actual:     1    1    1    1    1    1    0    0    0    0    0    0    0    0 [2.25, 0]
predicted:     1    1    1    1    1    1    0    0    0    0    0    0    0    0 [2.25, 0]
predicted:  0.54 0.54 0.54 0.54 0.53 0.52 0.48 0.42 0.36 0.25 0.16 0.08 0.02 0.08

   actual:     1    1    1    1    1    1    1    1    1    1    0    0    0    0 [3.25, 0]
predicted:     1    1    1    1    1    1    0    0    0    0    0    0    0    0 [2.25, 0]
predicted:  0.55 0.55 0.55 0.55 0.54 0.53 0.48 0.42 0.36 0.24 0.15 0.08 0.02 0.08

   actual:     1    1    1    1    1    1    1    1    1    1    1    1    1    0 [4.00, 0]
predicted:     0    0    0    0    0    0    0    0    0    0    0    0    0    0 [-1.00, 0]
predicted:  0.48 0.48 0.48 0.48 0.48 0.47 0.45 0.41 0.37 0.29 0.20 0.11 0.03 0.08

   actual:     1    1    1    1    1    1    1    1    1    1    0    0    0    0 [3.25, 0]
predicted:     0    0    0    0    0    0    0    0    0    0    0    0    0    0 [-1.00, 0]
predicted:  0.47 0.47 0.47 0.47 0.47 0.46 0.45 0.41 0.37 0.30 0.21 0.12 0.03 0.08

   actual:     1    1    1    1    1    1    1    1    1    1    1    1    0    0 [3.75, 0]
predicted:     0    0    0    0    0    0    0    0    0    0    0    0    0    0 [-1.00, 0]
predicted:  0.50 0.50 0.50 0.50 0.49 0.48 0.46 0.41 0.37 0.28 0.19 0.10 0.02 0.08

   actual:     1    1    1    1    1    1    1    1    0    0    0    0    0    0 [2.75, 0]
predicted:     0    0    0    0    0    0    0    0    0    0    0    0    0    0 [-1.00, 0]
predicted:  0.45 0.45 0.45 0.45 0.45 0.45 0.44 0.40 0.37 0.32 0.23 0.13 0.03 0.09

   actual:     1    1    1    1    1    1    1    1    1    1    1    1    0    0 [3.75, 0]
predicted:     0    0    0    0    0    0    0    0    0    0    0    0    0    0 [-1.00, 0]
predicted:  0.45 0.44 0.44 0.44 0.44 0.44 0.44 0.40 0.38 0.32 0.24 0.13 0.04 0.09

   actual:     1    1    1    1    1    1    1    0    0    0    0    0    0    0 [2.50, 0]
predicted:     1    1    1    1    1    1    0    0    0    0    0    0    0    0 [2.25, 0]
predicted:  0.57 0.57 0.57 0.57 0.56 0.54 0.49 0.43 0.36 0.23 0.14 0.07 0.01 0.08

Acc (% indices matched): 0.4964
